834
856
843
840
847
850
896
852
862
863
887
857
847
864
874
873
873
871
872
876
879
874
870
869
843
878
876
879
879
886
995
938
885
886
889
884
884
885
880
882
880
886
882
886
884
882
883
884
887
887
880
886
885
884
886
887
885
882
881
886
881
881
887
890
882
884
886
886
890
891
881
880
877
872
877
872
874
881
874
898
909
906
888
908
820
824
836
843
822
832
830
835
828
824
825
837
812
809
810
813
817
820
821
818
819
823
829
833
833
833
832
830
829
828
830
835
831
861
863
833
830
833
918
920
907
908
900
886
890
888
931
931
924
886
841
837
837
839
839
839
840
841
841
842
842
842
842
845
842
840
842
843
843
843
843
846
844
846
845
844
844
847
854
851
851
848
848
853
851
847
852
877
871
851
864
867
877
874
888
879
863
869
889
886
886
845
845
846
845
844
864
838
885
856
908
890
889
854
841
869
891
878
869
883
882
913
893
912
900
898
905
898
898
890
891
880
889
911
940
953
939
943
937
943
948
950
952
944
948
933
946
969
949
900
904
927
906
879
887
957
944
927
926
921
919
933
934
926
923
917
923
925
923
926
921
917
920
927
927
924
943
925
863
854
888
856
880
859
909
973
949
972
971
905
978
979
979
978
965
939
935
871
951
972
948
889
920
954
955
886
891
899
920
889
890
896
895
908
894
888
882
878
878
880
878
936
882
880
881
882
883
884
885
879
934
914
880
918
907
903
917
921
949
949
949
870
917
878
880
872
876
878
870
869
872
918
867
871
873
869
878
874
871
876
886
887
889
888
880
884
889
894
870
871
868
865
865
869
884
908
921
942
842
863
846
854
861
854
857
855
859
854
859
843
843
845
841
842
844
847
842
844
845
846
844
840
865
843
841
841
850
856
849
850
847
851
850
860
855
855
851
848
885
881
853
851
852
854
854
854
867
871
871
911
926
890
881
880
920
922
919
901
894
894
891
891
984
984
983
984
914
996
922
925
921
918
925
927
942
863
863
873
884
888
877
888
927
981
943
902
907
901
